4  0.165828 11  0  10  
5  0.108022 11  0  9  
3  0.103647 11  0  9  
6  0.457761 16  0  47  
8  1.996655 18  16  86  
11  1.403777 18  0  105  
1  0.000000 4  0  0  
2  0.433290 11  10  25  
0  0.022481 6  3  4  
13  1.708584 18  0  102  
13  1.678644 18  0  102  
13  1.703028 18  0  102  
8  1.381829 30  0  79  
9  1.715367 30  0  90  
9  1.700985 30  0  90  
2  0.148126 20  0  18  
28  18.206810 16  58  73  
3  0.290909 13  0  44  
1  0.017421 10  0  20  
6  3.485481 10  29  23  
7  3.497382 14  32  27  
10  4.771536 14  51  28  
10  5.031913 18  63  33  
14  6.481370 18  85  33  
14  6.777339 22  109  38  
18  8.303010 22  131  38  
20  9.001189 26  167  43  
22  10.478075 26  189  43  
27  12.080950 30  237  48  
30  14.157923 30  259  48  
33  14.738972 34  319  53  
36  16.354094 34  341  53  
41  17.833681 38  413  58  
45  20.615299 38  435  58  
49  21.241962 42  519  63  
52  23.464717 42  541  63  
8  3.700327 18  44  30  
5  1.653330 18  33  29  
6  1.885716 22  41  32  
5  1.641884 18  33  29  
9  4.759102 14  51  26  
4  0.991298 11  11  36  
6  3.455316 10  29  21  
6  3.464002 10  29  21  
7  3.471974 14  32  23  
7  3.506736 14  32  23  
7  3.516032 18  35  25  
8  3.463223 18  35  25  
7  3.522364 22  38  27  
8  3.519870 22  38  27  
8  3.576135 26  41  29  
8  3.591035 26  41  29  
9  3.627854 30  44  31  
9  3.654173 30  44  31  
9  3.692659 34  47  33  
9  3.652402 34  47  33  
10  3.726988 38  50  35  
9  3.748022 38  50  35  
10  3.734547 42  53  37  
10  3.714927 42  53  37  
3  1.197220 12  15  25  
7  2.285940 12  16  50  
6  2.364115 12  16  50  
8  4.218110 10  39  23  
10  5.187376 14  8  20  
40  22.706869 21  6  43  
27  13.734676 16  6  21  
35  21.946160 18  2  38  
3  0.281031 12  0  43  
7  3.329783 10  29  23  
4  1.080285 20  8  31  
2  0.451385 20  0  19  
1  0.140765 9  0  16  
3  0.651864 10  19  21  
1  0.296664 9  3  7  
1  0.044005 11  0  12  
6  3.198954 10  3  14  
4  0.939825 11  16  32  
8  1.351625 11  30  56  
9  1.335110 11  30  56  
9  1.337840 11  30  56  
8  1.367680 11  30  56  
9  1.369951 11  30  56  
8  1.346361 11  30  56  
9  1.366235 11  30  56  
9  1.356613 11  30  56  
3  1.295650 10  3  12  
7  3.379574 10  29  21  
